-,1,-,7,-,10,-,4,-,13,-,16,-,19,-,22 /(3,-3)/(-3,0)/(0,3)/(0,-3)/(0,3)/
-,1,-,10,-,7,-,4,-,13,-,16,-,19,-,22 /(3,3)/(3,0)/(3,3)/(3,0)/(3,3)/
-,1,-,4,-,7,-,10,-,19,-,13,-,16,-,22 /(3,-3)/(0,3)/(-3,0)/(3,0)/(-3,0)/
-,1,-,4,-,7,-,10,-,19,-,16,-,13,-,22 /(3,3)/(0,3)/(3,3)/(0,3)/(3,3)/
-,10,-,4,-,7,-,1,-,22,-,16,-,19,-,13 /(-3,0)/(3,3)/(0,-3)/
-,4,-,1,-,7,-,10,-,13,-,22,-,19,-,16 /(0,3)/(0,-3)/(0,3)/(0,-3)/
-,7,-,4,-,1,-,10,-,16,-,13,-,19,-,22 /(3,0)/(-3,0)/(3,0)/(-3,0)/
-,7,-,4,-,1,-,10,-,19,-,16,-,13,-,22 /(-3,3)/(3,-3)/
3,1,0,4,6,7,9,10,12,13,15,16,18,19,21,22 /(-3,0)/(0,3)/(0,-3)/(0,3)/(2,0)/(0,2)/(-2,0)/(4,0)/(0,-2)/(0,2)/(-1,4)/(0,-3)/(0,3)
0,1,9,4,6,7,3,10,12,13,15,16,18,19,21,22 /(3,3)/(-1,0)/(2,-4)/(4,-2)/(0,-2)/(-4,2)/(1,-5)/(3,0)/(3,3)/(3,0)
9,1,6,4,3,7,0,10,12,13,15,16,18,19,21,22 /(3,3)/(0,3)/(1,1)/(-1,-4)/(-3,-3)/
6,1,9,4,0,7,3,10,12,13,15,16,18,19,21,22 /(3,-3)/(3,-3)/(0,1)/(-3,3)/(-3,3)/(-1,0)
0,1,9,4,3,7,6,10,12,13,15,16,18,19,21,22 /(3,0)/(1,0)/(0,-3)/(-1,0)/(-3,0)/(1,0)/(0,3)/(-1,0)
0,1,6,4,9,7,3,10,12,13,15,16,18,19,21,22 (1,0)/(0,-3)/(-1,0)/(3,0)/(1,0)/(0,3)/(-1,0)/(-3,0)/
9,1,0,4,3,7,6,10,12,13,15,16,18,19,21,22 (1,0)/(2,2)/(0,-2)/(3,3)/(1,0)/(4,4)/(0,-2)/(2,2)/(0,-1)/(3,3)/
3,1,6,4,9,7,0,10,12,13,15,16,18,19,21,22 /(-3,-3)/(0,1)/(-2,-2)/(0,2)/(-4,-4)/(-1,0)/(-3,-3)/(0,2)/(-2,-2)/(-1,0)
9,1,6,4,0,7,3,10,12,13,15,16,18,19,21,22 (0,-1)/(1,-2)/(-4,0)/(0,3)/(1,0)/(3,-2)/(-4,0)/(-4,0)/(-2,2)/(-1,0)/(0,-3)/(-3,0)
3,1,0,4,6,7,9,10,21,13,15,16,18,19,12,22 (1,0)/(0,3)/(-1,-1)/(1,-2)/(-1,0)
6,1,3,4,0,7,9,10,12,13,18,16,15,19,21,22 (1,0)/(0,-1)/(0,-3)/(5,0)/(-5,0)/(0,3)/(0,1)/(5,0)
6,1,3,4,0,7,9,10,18,13,15,16,12,19,21,22 (1,0)/(5,-1)/(-5,1)/(5,0)
3,1,0,4,9,7,6,10,15,13,12,16,18,19,21,22 /(3,0)/(3,3)/(0,-3)/(4,-3)/(4,-2)/(2,-4)/(0,-4)/(3,0)/(-3,-3)/(-3,0)
6,1,9,4,0,7,3,10,12,13,18,16,15,19,21,22 /(3,3)/(1,4)/(0,-4)/(4,-2)/(2,-4)/(0,-1)/(0,3)/(-3,-3)/(-3,0)/(0,-3)
0,1,9,4,3,7,6,10,12,13,18,16,15,19,21,22 /(3,3)/(1,0)/(-2,0)/(-4,0)/(0,-4)/(0,-4)/(0,-2)/(0,5)/(3,3)/(0,-3)
0,1,6,4,9,7,3,10,12,13,15,16,21,19,18,22 /(-3,-3)/(0,-5)/(0,2)/(0,4)/(0,4)/(4,0)/(2,0)/(-1,0)/(-3,-3)/(0,3)
3,1,0,4,9,7,6,10,12,13,21,16,18,19,15,22 /(3,3)/(1,0)/(-2,4)/(2,-4)/(0,4)/(2,2)/(-3,0)/(-3,-3)/(-3,0)
6,1,9,4,0,7,3,10,12,13,21,16,18,19,15,22 /(3,3)/(1,0)/(-2,4)/(2,-4)/(2,0)/(3,3)/(-3,0)/(3,3)/(3,0)
0,1,9,4,3,7,6,10,18,13,15,16,12,19,21,22 /(3,0)/(-3,0)/(3,0)/(0,3)/(1,0)/(0,2)/(4,0)/(0,-4)/(2,0)/(0,5)/(3,3)/(0,-3)
0,1,6,4,9,7,3,10,12,13,21,16,18,19,15,22 /(-3,-3)/(0,-5)/(-2,0)/(0,4)/(-4,0)/(0,-2)/(-1,0)/(0,-3)/(-3,0)/(3,0)/(-3,0)/(0,3)
9,1,0,4,3,7,6,10,12,13,18,16,15,19,21,22 /(-3,0)/(-2,0)/(5,-1)/(-5,0)/(3,0)/(-3,0)/(0,1)/(-3,0)/(-3,0)/(-1,0)
3,1,6,4,9,7,0,10,12,13,18,16,15,19,21,22 (1,0)/(3,0)/(3,0)/(0,-1)/(3,0)/(-3,0)/(5,0)/(-5,1)/(2,0)/(3,0)/
3,1,9,4,0,7,6,10,12,13,15,16,21,19,18,22 (1,0)/(0,3)/(5,5)/(3,0)/(-3,0)/(1,1)/(-3,0)/(-1,6)
9,1,0,4,3,7,6,10,18,13,15,16,12,19,21,22 (0,-1)/(1,1)/(-3,0)/(-1,-1)/(-3,0)/(1,1)/(5,0)
3,1,6,4,9,7,0,10,18,13,15,16,12,19,21,22 (0,-1)/(1,1)/(3,0)/(-1,-1)/(3,0)/(1,1)/(5,0)
3,1,9,4,0,7,6,10,12,13,21,16,18,19,15,22 (1,0)/(0,3)/(-1,0)/(0,3)/(1,0)/(2,2)/(0,1)/(0,3)/(1,0)/(-3,0)/(-1,0)
3,1,0,4,9,7,6,10,21,13,18,16,15,19,12,22 (1,0)/(0,3)/(-1,-1)/(4,-2)/(-1,-1)/(-2,1)/(-1,0)
6,1,9,4,0,7,3,10,15,13,12,16,21,19,18,22 /(3,3)/(0,-3)/(1,-5)/(4,-2)/(-2,1)/(3,3)/
6,1,0,4,3,7,9,10,21,13,18,16,15,19,12,22 (1,0)/(0,3)/(-1,-1)/(1,-2)/(-3,0)/(3,0)/(-1,-1)/(-2,1)/(2,0)
3,1,9,4,6,7,0,10,21,13,18,16,15,19,12,22 (1,0)/(0,3)/(-1,-1)/(1,-2)/(3,0)/(3,0)/(-1,-1)/(-2,1)/(-4,0)
6,1,9,4,0,7,3,10,18,13,21,16,12,19,15,22 (1,0)/(5,-1)/(3,3)/(1,1)/(3,-3)/(5,0)
6,1,0,4,3,7,9,10,18,13,21,16,12,19,15,22 (-5,0)/(-1,5)/(3,1)/(-3,0)/(0,5)/(0,-5)/(3,0)/(-5,0)/(0,-3)/(5,0)
3,1,6,4,0,7,9,10,18,13,21,16,12,19,15,22 (1,0)/(0,3)/(5,0)/(-3,0)/(0,5)/(0,-5)/(3,0)/(-3,-1)/(1,-5)/(5,0)
3,1,6,4,0,7,9,10,18,13,15,16,21,19,12,22 (1,0)/(5,-1)/(-5,1)/(-3,0)/(0,3)/(-1,-1)/(1,-2)/(-4,0)
6,1,0,4,3,7,9,10,15,13,18,16,12,19,21,22 (1,0)/(5,-1)/(-3,0)/(1,1)/(-3,0)/(5,0)
6,1,3,4,9,7,0,10,18,13,12,16,15,19,21,22 (1,0)/(3,0)/(-1,-1)/(3,0)/(-5,1)/(5,0)
9,1,0,4,3,7,6,10,15,13,12,16,21,19,18,22 /(3,3)/(3,0)/(2,2)/(2,0)/(4,-2)/(2,-4)/(2,0)/(5,5)/(0,-3)/(-3,-3)/(0,3)
3,1,6,4,9,7,0,10,21,13,18,16,15,19,12,22 /(3,3)/(0,3)/(-5,-5)/(-2,0)/(-2,4)/(-4,2)/(-2,0)/(-2,-2)/(-3,0)/(-3,-3)/(0,-3)
3,1,9,4,0,7,6,10,15,13,12,16,21,19,18,22 /(3,3)/(1,-2)/(4,-4)/(2,-4)/(-2,4)/(1,0)/(0,-3)/(3,3)/(3,0)/(3,0)
9,1,0,4,3,7,6,10,15,13,18,16,12,19,21,22 /(3,0)/(0,-3)/(3,0)/(3,0)/(0,5)/(2,-4)/(-4,0)/(0,-4)/(-4,-2)/(1,0)/(-3,-3)/(-3,0)
3,1,6,4,9,7,0,10,15,13,18,16,12,19,21,22 /(3,0)/(-3,-3)/(-3,0)/(0,1)/(4,0)/(-4,2)/(-4,-2)/(0,2)/(4,0)/(-5,0)/(-3,-3)/(0,3)
6,1,9,4,3,7,0,10,12,13,18,16,21,19,15,22 /(0,-3)/(4,0)/(0,-1)/(0,2)/(4,4)/(2,0)/(1,0)/(0,-3)/(3,0)/(-4,0)/(3,0)/(0,-3)
9,1,0,4,3,7,6,10,21,13,12,16,18,19,15,22 /(3,3)/(5,0)/(-4,0)/(0,-2)/(4,2)/(4,-2)/(-4,0)/(0,-1)/(3,0)/(3,3)/(-3,0)/(0,-3)
3,1,6,4,9,7,0,10,18,13,12,16,15,19,21,22 /(3,3)/(-1,0)/(4,2)/(0,4)/(4,0)/(-2,4)/(0,-5)/(-3,0)/(-3,0)/(0,3)/(-3,0)/(3,0)
9,1,6,4,0,7,3,10,21,13,15,16,12,19,18,22 /(-3,0)/(4,0)/(-3,0)/(0,3)/(-1,0)/(-2,0)/(-4,-4)/(0,-2)/(0,1)/(-4,0)/(0,3)/(0,3)
9,1,0,4,3,7,6,10,18,13,21,16,12,19,15,22 /(-3,-3)/(0,5)/(-4,2)/(-2,4)/(-2,0)/(-2,-2)/(-1,2)/(-3,-3)/(-3,0)
3,1,6,4,9,7,0,10,18,13,21,16,12,19,15,22 /(3,3)/(1,-2)/(2,2)/(2,0)/(2,-4)/(4,-2)/(0,-5)/(3,3)/(3,0)
9,1,6,4,0,7,3,10,18,13,21,16,12,19,15,22 /(3,0)/(0,-3)/(3,0)/(3,0)/(2,-1)/(0,2)/(-2,4)/(2,-4)/(2,0)/(-1,2)/(-3,-3)/(6,0)
9,1,0,4,3,7,6,10,15,13,18,16,21,19,12,22 (1,0)/(5,-1)/(-3,0)/(1,1)/(-4,2)/(1,1)/(0,-3)/(5,0)
3,1,6,4,9,7,0,10,21,13,12,16,15,19,18,22 (1,0)/(0,3)/(-1,-1)/(4,-2)/(-1,-1)/(3,0)/(-5,1)/(5,0)
9,1,0,4,3,7,6,10,21,13,12,16,15,19,18,22 (1,0)/(2,2)/(3,0)/(1,1)/(-3,0)/(2,2)/(3,0)/(-5,-5)/(-1,-3)
6,1,0,4,9,7,3,10,15,13,18,16,21,19,12,22 (1,0)/(3,0)/(-1,-1)/(-2,1)/(0,3)/(5,-1)/(-3,0)/(1,1)/(-3,0)/(5,-3)
6,1,0,4,9,7,3,10,21,13,12,16,15,19,18,22 (1,0)/(0,3)/(-1,-1)/(1,-2)/(-3,0)/(3,0)/(-1,-1)/(3,0)/(-5,1)/(-4,0)
6,1,0,4,9,7,3,10,18,13,21,16,15,19,12,22 (1,0)/(5,-1)/(3,3)/(3,0)/(1,1)/(-3,0)/(3,-3)/(5,0)